0,11.388504028320312
1,11.159614562988281
2,10.302129745483398
3,11.354997634887695
4,10.962934494018555
5,11.216229438781738
6,10.346902847290039
7,13.305554389953613
8,16.394123077392578
9,16.98772621154785
10,16.965251922607422
11,14.117247581481934
12,14.809508323669434
13,15.849319458007812
14,23.516143798828125
15,23.470500946044922
16,21.971759796142578
17,19.921451568603516
18,18.253761291503906
19,17.63723373413086
20,16.913637161254883
21,16.921056747436523
22,16.947179794311523
23,16.921369552612305
24,16.791006088256836
25,16.157011032104492
26,15.659985542297363
27,15.086084365844727
28,14.990602493286133
29,14.877574920654297
30,16.479251861572266
31,16.213964462280273
32,15.493354797363281
33,14.667732238769531
34,14.048293113708496
35,13.329604148864746
36,12.593907356262207
37,11.886279106140137
38,11.125732421875
39,10.484082221984863
40,9.695391654968262
41,9.214584350585938
42,8.764581680297852
43,8.835328102111816
44,8.81483268737793
45,9.069857597351074
46,9.345658302307129
47,9.507503509521484
48,9.615166664123535
49,9.410799980163574
50,9.155876159667969
51,9.101983070373535
52,8.999953269958496
53,8.856242179870605
54,8.680685043334961
55,8.540593147277832
56,8.420477867126465
57,8.352617263793945
58,8.372447967529297
59,8.402022361755371
60,8.424654006958008
61,8.459781646728516
62,8.36522102355957
63,8.447171211242676
64,8.637938499450684
65,8.71171760559082
66,8.72042465209961
67,8.600305557250977
68,8.5648193359375
69,8.473669052124023
70,8.351219177246094
71,8.22170352935791
72,8.181756973266602
73,8.125893592834473
74,8.020113945007324
75,7.913858890533447
76,7.914750099182129
77,7.946210861206055
78,8.24409294128418
79,8.197229385375977
80,8.048822402954102
81,8.035823822021484
82,7.944755554199219
83,7.852625370025635
84,7.892200469970703
85,7.920973300933838
86,7.940011978149414
87,8.652334213256836
88,8.643789291381836
89,8.525263786315918
90,8.513691902160645
91,8.405534744262695
92,8.307637214660645
93,8.316478729248047
94,8.480583190917969
95,8.482534408569336
96,8.38241958618164
97,8.392184257507324
98,8.43562126159668
99,8.543603897094727
100,8.533973693847656
101,8.430184364318848
102,8.429055213928223
103,8.533641815185547
104,8.534183502197266
105,8.528401374816895
106,8.437463760375977
107,8.3562650680542
108,8.273987770080566
109,8.189724922180176
110,8.196173667907715
111,8.205251693725586
112,8.240681648254395
113,14.817587852478027
114,14.814079284667969
115,14.669246673583984
116,14.622775077819824
117,14.579974174499512
118,14.539467811584473
119,14.501399040222168
120,14.457639694213867
121,14.403701782226562
122,14.34757137298584
123,14.305681228637695
124,14.267012596130371
125,14.210386276245117
126,14.156731605529785
127,14.120320320129395
128,14.086846351623535
129,14.035871505737305
130,13.98200798034668
131,13.931880950927734
132,13.897371292114258
133,13.85236644744873
134,13.798467636108398
135,13.761886596679688
136,13.720144271850586
137,13.665328979492188
138,13.627962112426758
139,13.581068992614746
140,13.531163215637207
141,13.496177673339844
142,13.449111938476562
143,13.400551795959473
144,13.464203834533691
145,13.446928024291992
146,13.334697723388672
147,13.023303985595703
148,13.440040588378906
149,12.922039985656738
150,13.58643627166748
151,13.221181869506836
152,13.464468002319336
153,12.964373588562012
154,13.451492309570312
155,12.96669864654541
156,13.554319381713867
157,12.863965034484863
158,13.006991386413574
159,13.69041633605957
160,13.778858184814453
161,13.263528823852539
162,13.807093620300293
163,13.784621238708496
164,14.080517768859863
165,13.662059783935547
166,13.027268409729004
167,7.702244281768799
168,13.082746505737305
169,13.252243041992188
170,8.802264213562012
171,12.933712005615234
172,13.149083137512207
173,13.954597473144531
174,13.827099800109863
175,13.057403564453125
176,13.664836883544922
177,12.85498046875
178,13.885149002075195
179,8.434253692626953
180,12.984546661376953
181,13.597195625305176
182,11.933055877685547
183,13.280611991882324
184,8.664501190185547
185,13.205577850341797
186,12.626542091369629
187,13.156830787658691
188,12.628974914550781
189,7.455218315124512
190,13.28516960144043
191,8.459598541259766
192,13.30406665802002
193,12.155803680419922
194,12.011236190795898
195,8.066154479980469
196,7.682978630065918
197,13.811872482299805
198,12.837398529052734
199,12.36513900756836
200,7.72543478012085
201,12.273587226867676
202,13.483399391174316
203,12.507312774658203
204,7.8688063621521
205,13.60229206085205
206,12.964692115783691
207,13.054281234741211
208,12.82585620880127
209,12.881336212158203
210,12.927741050720215
211,12.29093074798584
212,12.340145111083984
213,7.79206657409668
214,7.676613807678223
215,6.09537410736084
216,11.625173568725586
217,11.504203796386719
218,6.857179164886475
219,12.65136432647705
220,12.687336921691895
221,11.6921968460083
222,12.56550121307373
223,7.305428981781006
224,6.201805591583252
225,11.967061042785645
226,11.418763160705566
227,12.976963996887207
228,11.476131439208984
229,12.559930801391602
230,6.925753116607666
231,10.843029022216797
232,11.728554725646973
233,7.106147289276123
234,10.96010971069336
235,5.047741889953613
236,11.424985885620117
237,11.29002571105957
238,6.3123040199279785
239,11.393396377563477
240,6.121718406677246
241,7.3661932945251465
242,11.511364936828613
243,6.388158798217773
244,12.013041496276855
245,6.38409423828125
246,5.764883041381836
247,11.656926155090332
248,6.292935371398926
249,6.7243123054504395
250,11.201591491699219
251,6.191985607147217
252,12.201095581054688
253,6.676056861877441
254,12.428199768066406
255,11.268782615661621
256,11.92650318145752
257,7.202150344848633
258,6.475034713745117
259,11.27529525756836
260,6.7372918128967285
261,11.83159351348877
262,12.113418579101562
263,5.776942253112793
264,12.22314167022705
265,11.31385612487793
266,11.81931209564209
267,12.349376678466797
268,11.424871444702148
269,11.138426780700684
270,11.240838050842285
271,6.154572486877441
272,12.585685729980469
273,7.0199995040893555
274,5.888092041015625
275,11.58737564086914
276,6.411132335662842
277,6.451484203338623
278,6.579233646392822
279,10.527586936950684
280,6.629754543304443
281,6.3306355476379395
282,11.451279640197754
283,5.477046966552734
284,10.553457260131836
285,5.165930271148682
286,11.17756175994873
287,6.9072957038879395
288,12.184910774230957
289,6.525583267211914
290,6.669699668884277
291,5.940557956695557
292,6.124898433685303
293,11.902726173400879
294,11.613503456115723
295,11.64669418334961
296,12.124802589416504
297,12.615598678588867
298,12.165053367614746
299,5.53051233291626
300,6.612276077270508
301,6.892685413360596
302,11.37645435333252
303,6.013670444488525
304,12.214607238769531
305,11.311546325683594
306,6.18068790435791
307,6.010595798492432
308,12.018930435180664
309,10.566226959228516
310,6.185203552246094
311,6.821181297302246
312,10.56758975982666
313,6.630007743835449
314,6.342391014099121
315,11.67959213256836
316,11.714203834533691
317,5.357635498046875
318,6.456131935119629
319,5.551405429840088
320,11.573110580444336
321,11.880438804626465
322,11.731912612915039
323,5.118765830993652
324,11.327415466308594
325,11.32094669342041
326,11.87359619140625
327,11.967291831970215
328,5.880946159362793
329,6.081395149230957
330,11.709881782531738
331,11.785133361816406
332,5.529914379119873
333,5.6914191246032715
334,6.644967555999756
335,6.2760329246521
336,11.875516891479492
