0,-0.016788311302661896
1,-0.019852951169013977
2,-0.06264512985944748
3,0.0450616180896759
4,0.06603884696960449
5,-0.01414683647453785
6,-0.055191412568092346
7,-0.12919515371322632
8,-0.2464808076620102
9,-0.42084309458732605
10,-0.5571469068527222
11,-0.8652995824813843
12,-1.282195806503296
13,-1.832279920578003
14,-2.5425658226013184
15,-3.099726915359497
16,-4.157810688018799
17,-5.476917266845703
18,-7.101349353790283
19,-9.083080291748047
20,-11.48004150390625
21,-14.35787296295166
22,-17.805402755737305
23,-21.89019012451172
24,-25.22948455810547
25,-30.67000389099121
26,-37.07441711425781
27,-44.52933883666992
28,-53.16063690185547
29,-63.10990905761719
30,-74.56488800048828
31,-84.02197265625
32,-98.48059844970703
33,-115.01715087890625
34,-133.69741821289062
35,-154.7224578857422
36,-178.30836486816406
37,-205.0149383544922
38,-234.81692504882812
39,-267.8658447265625
40,-304.91412353515625
41,-344.9493103027344
42,-386.7432861328125
43,-426.5856018066406
44,-462.7160949707031
45,-492.60943603515625
46,-516.359619140625
47,-532.9267578125
48,-543.487548828125
49,-547.7332153320312
50,-546.4537963867188
51,-541.1524047851562
52,-531.9115600585938
53,-519.7338256835938
54,-505.47259521484375
55,-489.898681640625
56,-474.3620300292969
57,-460.5514221191406
58,-448.9902648925781
59,-440.1492919921875
60,-434.1145324707031
61,-430.18157958984375
62,-428.22991943359375
63,-428.3222961425781
64,-430.406982421875
65,-434.49334716796875
66,-432.81817626953125
67,-440.5464172363281
68,-449.9466857910156
69,-460.9633483886719
70,-473.6854553222656
71,-488.2440490722656
72,-504.5392761230469
73,-522.29150390625
74,-541.6631469726562
75,-562.8435668945312
76,-586.0448608398438
77,-611.4169921875
78,-638.6461791992188
79,-657.5228271484375
80,-685.9015502929688
81,-713.1300659179688
82,-738.2828369140625
83,-760.2456665039062
84,-778.5530395507812
85,-793.0115966796875
86,-803.852294921875
87,-811.5409545898438
88,-806.00732421875
89,-808.7015380859375
90,-809.4220581054688
91,-809.3765258789062
92,-809.5933227539062
93,-811.0189208984375
94,-814.4459838867188
95,-810.220703125
96,-818.10595703125
97,-828.4385375976562
98,-840.939697265625
99,-855.9476928710938
100,-862.9375
101,-881.4524536132812
102,-901.1734619140625
103,-921.6547241210938
104,-942.2450561523438
105,-951.8046264648438
106,-970.1976318359375
107,-986.3319091796875
108,-1000.726806640625
109,-1012.94970703125
110,-1023.4489135742188
111,-1032.1856689453125
112,-1040.399658203125
113,-1048.3602294921875
114,-1045.5794677734375
115,-1053.3262939453125
116,-1060.189697265625
117,-1066.64013671875
118,-1072.5457763671875
119,-1077.9495849609375
120,-1082.879638671875
121,-1087.456787109375
122,-1091.8416748046875
123,-1096.195068359375
124,-1100.7069091796875
125,-1104.6505126953125
126,-1108.8406982421875
127,-1113.360107421875
128,-1118.2625732421875
129,-1122.585205078125
130,-1127.1444091796875
131,-1131.9493408203125
132,-1137.0107421875
133,-1142.3299560546875
134,-1146.9130859375
135,-1151.691162109375
136,-1156.693115234375
137,-1160.7750244140625
138,-1164.99365234375
139,-1169.45654296875
140,-1172.850830078125
141,-1176.3643798828125
142,-1179.954345703125
143,-1182.396728515625
144,-1175.64697265625
145,-1168.7957763671875
146,-1162.911376953125
147,-1156.5311279296875
148,-1154.040771484375
149,-1152.8336181640625
150,-1152.1046142578125
151,-1156.3052978515625
152,-1161.2562255859375
153,-1167.224365234375
154,-1173.7742919921875
155,-1180.886962890625
156,-1188.448486328125
157,-1193.2364501953125
158,-1202.9368896484375
159,-1207.6204833984375
160,-1209.0965576171875
161,-1209.951171875
162,-1206.0035400390625
163,-1206.82763671875
164,-1198.869140625
165,-1192.029541015625
166,-1182.370849609375
167,-1168.7755126953125
168,-1162.916259765625
169,-1152.880859375
170,-1153.46240234375
171,-1157.4814453125
172,-1153.89599609375
173,-1160.79736328125
174,-1160.203369140625
175,-1165.326171875
176,-1173.0234375
177,-1177.255615234375
178,-1162.05126953125
179,-1168.2508544921875
180,-1173.3902587890625
181,-1162.3505859375
182,-1161.8369140625
183,-1145.7198486328125
184,-1141.227294921875
185,-1121.6236572265625
186,-1132.3193359375
187,-1121.720458984375
188,-1131.7037353515625
189,-1108.7332763671875
190,-1113.1947021484375
191,-1108.812744140625
192,-1116.9366455078125
193,-1116.730712890625
194,-1097.3682861328125
195,-1083.61376953125
196,-1074.37939453125
197,-1061.6011962890625
198,-1027.0361328125
199,-1015.748779296875
200,-984.420166015625
201,-969.7269287109375
202,-964.7930908203125
203,-979.5802001953125
204,-966.1907958984375
205,-968.469482421875
206,-985.9794311523438
207,-999.2877197265625
208,-998.5777587890625
209,-1000.29541015625
210,-995.1043701171875
211,-1016.625
212,-1018.3926391601562
213,-977.2777099609375
214,-997.3118286132812
215,-959.270751953125
216,-951.9514770507812
217,-927.9104614257812
218,-922.8741455078125
219,-893.7612915039062
220,-881.52783203125
221,-896.0297241210938
222,-911.734130859375
223,-889.79052734375
224,-962.546875
225,-999.0859985351562
226,-989.6826171875
227,-1020.1558227539062
228,-1001.6104736328125
229,-1008.2046508789062
230,-1021.7608032226562
231,-993.4486694335938
232,-955.3124389648438
233,-927.4279174804688
234,-928.161376953125
235,-885.9388427734375
236,-887.5501708984375
237,-834.1436767578125
238,-814.8214111328125
239,-810.0198974609375
240,-801.9532470703125
241,-900.1150512695312
242,-876.8934326171875
243,-905.8904418945312
244,-935.442626953125
245,-902.4091186523438
246,-963.8654174804688
247,-976.453125
248,-962.6976318359375
249,-999.3258056640625
250,-995.819091796875
251,-960.3614501953125
252,-1079.9200439453125
253,-985.8547973632812
254,-1030.89453125
255,-1001.8963012695312
256,-904.2088012695312
257,-930.9783935546875
258,-881.4619750976562
259,-877.31298828125
260,-851.8826904296875
261,-913.3296508789062
262,-802.2225341796875
263,-810.1351928710938
264,-862.5548095703125
265,-891.72412109375
266,-982.2399291992188
267,-1006.7870483398438
268,-1054.3941650390625
269,-1133.373291015625
270,-1091.5810546875
271,-1067.452392578125
272,-1060.716796875
273,-1050.2965087890625
274,-1046.513916015625
275,-1078.2188720703125
276,-996.4703979492188
277,-1001.8810424804688
278,-959.6866455078125
279,-835.2547607421875
280,-823.575439453125
281,-846.8043823242188
282,-823.7992553710938
283,-825.79052734375
284,-831.6455688476562
285,-856.826416015625
286,-837.1146850585938
287,-878.4217529296875
288,-926.3905029296875
289,-957.5364990234375
290,-963.9175415039062
291,-965.3379516601562
292,-969.0694580078125
293,-1033.0963134765625
294,-1049.25634765625
295,-1032.3701171875
296,-1090.3448486328125
297,-1077.09423828125
298,-1046.023193359375
299,-1021.3659057617188
300,-936.2938232421875
301,-1006.7638549804688
302,-928.4517822265625
303,-939.7568969726562
304,-967.6650390625
305,-977.8804321289062
306,-1006.4713134765625
307,-999.7686767578125
308,-1005.1082763671875
309,-1041.8189697265625
310,-1028.4700927734375
311,-1064.7093505859375
312,-1032.4107666015625
313,-1098.2928466796875
314,-1099.4332275390625
315,-1087.802001953125
316,-1152.4005126953125
317,-1117.3773193359375
318,-1133.65087890625
319,-1106.976806640625
320,-1044.74365234375
321,-1066.51416015625
322,-990.1590576171875
323,-926.1763305664062
324,-902.6409912109375
325,-880.0255126953125
326,-945.7523193359375
327,-958.795654296875
328,-994.635009765625
329,-1012.9539794921875
330,-1084.6463623046875
331,-1168.479248046875
332,-1195.6163330078125
333,-1259.0078125
334,-1241.3173828125
335,-1286.2591552734375
336,-1238.94091796875
