0,0.00011433108011260629
1,9.036820411682129
2,36.3437385559082
3,84.32038879394531
4,68.89356994628906
5,59.06126022338867
6,50.72693634033203
7,61.804561614990234
8,68.7131576538086
9,77.780517578125
10,88.69690704345703
11,83.54071044921875
12,77.1805419921875
13,71.83908081054688
14,82.23710632324219
15,82.46439361572266
16,77.63619232177734
17,73.34601593017578
18,81.5877456665039
19,82.32674407958984
20,78.38900756835938
21,74.90906524658203
22,244.60617065429688
23,144.3072052001953
24,71.8979721069336
25,55.19236373901367
26,45.787471771240234
27,50.940399169921875
28,81.1307144165039
29,99.14630126953125
30,117.95264434814453
31,132.09857177734375
32,137.99371337890625
33,137.75839233398438
34,139.8015594482422
35,127.92996215820312
36,117.808349609375
37,110.18399810791016
38,114.8919677734375
39,117.67708587646484
40,117.22702026367188
41,112.92346954345703
42,115.20320892333984
43,106.63665771484375
44,106.7385025024414
45,108.84143829345703
46,103.02576446533203
47,95.38877868652344
48,90.85413360595703
49,91.348876953125
50,90.52155303955078
51,87.39877319335938
52,86.1595687866211
53,84.55445861816406
54,85.03189849853516
55,84.85679626464844
56,83.40583801269531
57,82.70172882080078
58,84.46092224121094
59,83.05899047851562
60,82.95008087158203
61,82.01661682128906
62,79.81123352050781
63,83.34930419921875
64,84.06147003173828
65,83.5540542602539
66,81.76173400878906
67,79.72348022460938
68,77.36665344238281
69,74.93081665039062
70,76.3707275390625
71,79.95854949951172
72,83.60709381103516
73,81.77937316894531
74,79.60662841796875
75,77.63777923583984
76,77.29984283447266
77,75.69638061523438
78,74.2530746459961
79,74.69173431396484
80,77.26116943359375
81,77.35840606689453
82,77.47660064697266
83,79.88431549072266
84,77.81116485595703
85,75.9932861328125
86,75.22334289550781
87,73.328857421875
88,71.53662109375
89,69.74736785888672
90,68.37779998779297
91,70.89017486572266
92,72.17670440673828
93,71.03924560546875
94,69.8683853149414
95,68.89729309082031
96,67.61238861083984
97,66.28472137451172
98,65.01696014404297
99,63.758949279785156
100,62.57866668701172
101,61.52383041381836
102,60.57864761352539
103,59.70162582397461
104,58.81275939941406
105,57.853118896484375
106,56.94807052612305
107,56.05258560180664
108,55.138553619384766
109,54.32908248901367
110,53.51611328125
111,52.71112823486328
112,51.977474212646484
113,1.5829084077267908e-05
114,96.66012573242188
115,113.11223602294922
116,83.96170806884766
117,76.59246063232422
118,90.5481185913086
119,110.04203033447266
120,96.36041259765625
121,86.44866180419922
122,86.42599487304688
123,90.88729095458984
124,86.29222869873047
125,82.94145965576172
126,76.9430923461914
127,82.9528579711914
128,92.00101470947266
129,92.2333755493164
130,94.83975219726562
131,90.65460205078125
132,87.04627227783203
133,84.01960754394531
134,81.3893814086914
135,84.45477294921875
136,80.33650970458984
137,91.08915710449219
138,91.0945816040039
139,95.3692398071289
140,92.17424011230469
141,96.1719970703125
142,93.18328857421875
143,90.76827239990234
144,88.0522232055664
145,85.22824096679688
146,91.2603530883789
147,95.00566864013672
148,94.8276596069336
149,99.30380249023438
150,103.56404876708984
151,100.37712860107422
152,97.60830688476562
153,95.06073760986328
154,97.65831756591797
155,97.62444305419922
156,97.05777740478516
157,98.85525512695312
158,96.40365600585938
159,94.02994537353516
160,91.75870513916016
161,93.03582763671875
162,96.02635955810547
163,98.18475341796875
164,97.89108276367188
165,100.56281280517578
166,99.01618194580078
167,96.58209991455078
168,94.14986419677734
169,91.62095642089844
170,90.24800109863281
171,90.41766357421875
172,90.75382232666016
173,90.80358123779297
174,89.47029113769531
175,87.875
176,83.73446655273438
177,79.62653350830078
178,79.20794677734375
179,77.9013671875
180,75.87457275390625
181,77.2119140625
182,80.11480712890625
183,80.49191284179688
184,81.47401428222656
185,85.2105712890625
186,80.92137145996094
187,79.65283966064453
188,79.99163818359375
189,79.7791976928711
190,77.91046142578125
191,77.67607116699219
192,74.95874786376953
193,74.24503326416016
194,74.04426574707031
195,73.25438690185547
196,72.62300109863281
197,72.76852416992188
198,73.63218688964844
199,73.2898178100586
200,74.38787078857422
201,74.24202728271484
202,74.71394348144531
203,74.91276550292969
204,73.72559356689453
205,72.97604370117188
206,72.06522369384766
207,73.44021606445312
208,72.77667999267578
209,71.60102844238281
210,70.77421569824219
211,72.17049407958984
212,71.66941833496094
213,70.3321533203125
214,73.47966003417969
215,71.47180938720703
216,72.21456146240234
217,69.99385833740234
218,68.53911590576172
219,68.3465347290039
220,68.5799789428711
221,69.976318359375
222,71.2767105102539
223,71.60822296142578
224,71.42993927001953
225,70.95185089111328
226,69.54523468017578
227,68.8958511352539
228,69.4411392211914
229,70.29681396484375
230,70.4157943725586
231,69.9634017944336
232,73.2929458618164
233,73.92095184326172
234,75.9716796875
235,75.66256713867188
236,74.23969268798828
237,73.52705383300781
238,72.05270385742188
239,73.20240020751953
240,74.56334686279297
241,75.6814956665039
242,76.05149841308594
243,76.05403900146484
244,76.26140594482422
245,75.86570739746094
246,74.56462860107422
247,73.52671813964844
248,74.5013656616211
249,73.29348754882812
250,71.86731719970703
251,73.2103500366211
252,71.86457061767578
253,76.22167205810547
254,84.72669219970703
255,80.17863464355469
256,82.99565887451172
257,82.60592651367188
258,79.21643829345703
259,80.71902465820312
260,78.11466217041016
261,75.1941146850586
262,77.81013488769531
263,80.1611557006836
264,81.01529693603516
265,79.16826629638672
266,79.582275390625
267,80.43975830078125
268,79.91441345214844
269,81.26656341552734
270,82.03250122070312
271,83.43006896972656
272,76.07213592529297
273,73.50800323486328
274,74.796142578125
275,71.23555755615234
276,76.65296936035156
277,71.00440979003906
278,72.91482543945312
279,68.85810089111328
280,80.9664306640625
281,74.04977416992188
282,75.3520278930664
283,75.74669647216797
284,73.40091705322266
285,66.84635162353516
286,70.79020690917969
287,70.91096496582031
288,68.85418701171875
289,68.04740905761719
290,67.9981918334961
291,67.2859878540039
292,62.94976806640625
293,65.0356674194336
294,67.65362548828125
295,72.50949096679688
296,72.9388656616211
297,65.00590515136719
298,69.25302124023438
299,66.52906036376953
300,68.43832397460938
301,67.71035766601562
302,71.24159240722656
303,66.34707641601562
304,65.04875183105469
305,67.00239562988281
306,68.19686126708984
307,67.27394104003906
308,70.13067626953125
309,64.08897399902344
310,65.91683197021484
311,65.7723388671875
312,64.04496765136719
313,65.2256088256836
314,61.08014678955078
315,70.9915542602539
316,63.027503967285156
317,67.6539535522461
318,67.99744415283203
319,70.58951568603516
320,70.34187316894531
321,64.28914642333984
322,73.79463195800781
323,58.91575241088867
324,56.285850524902344
325,64.77640533447266
326,65.21241760253906
327,64.2315444946289
328,57.77727508544922
329,68.28406524658203
330,64.51979064941406
331,67.33912658691406
332,69.34475708007812
333,62.57884979248047
334,60.74348449707031
335,57.99320983886719
336,72.33670806884766
337,68.36579132080078
338,60.414268493652344
339,66.1994400024414
340,69.77621459960938
341,75.9533920288086
342,56.87032699584961
343,63.18667221069336
344,59.223487854003906
345,63.05562973022461
346,53.484622955322266
347,60.786983489990234
348,53.43790054321289
349,69.1010513305664
350,58.11698913574219
351,57.49848937988281
352,66.32890319824219
353,59.47740936279297
354,65.43316650390625
355,60.62667465209961
356,60.46550369262695
357,67.71265411376953
358,59.04743194580078
359,52.31974411010742
360,66.28397369384766
361,66.85115814208984
362,57.22068786621094
363,67.50419616699219
364,61.703041076660156
365,61.68780517578125
366,56.64952850341797
367,64.02635192871094
368,54.51078414916992
369,58.443626403808594
370,63.71791458129883
371,65.61393737792969
372,70.51087188720703
373,65.43513488769531
374,62.98426818847656
375,57.445247650146484
376,52.613765716552734
377,72.06759643554688
378,57.88848876953125
379,65.5201416015625
380,65.91481018066406
381,56.906551361083984
382,83.44389343261719
383,76.84044647216797
384,59.14763259887695
385,70.94503784179688
386,59.91378402709961
387,57.64559555053711
388,59.63676071166992
389,59.879947662353516
390,61.13792037963867
391,62.99712371826172
392,61.665897369384766
393,59.842132568359375
394,55.982059478759766
395,65.13129425048828
396,58.49666976928711
397,51.55555725097656
398,74.03065490722656
399,63.92056655883789
400,52.75303268432617
401,59.08208465576172
402,59.61621856689453
403,51.16106414794922
404,59.634307861328125
405,59.73127365112305
406,60.87775802612305
407,57.82069396972656
408,60.01722717285156
409,52.789215087890625
410,58.90489959716797
411,50.52397918701172
412,68.49968719482422
413,60.985084533691406
414,57.546051025390625
415,51.30461883544922
416,62.705692291259766
417,55.55892562866211
418,60.934715270996094
419,65.87557220458984
420,64.11905670166016
421,70.57395935058594
422,56.388450622558594
423,46.64813232421875
424,56.325443267822266
425,51.77150344848633
426,64.7883071899414
427,58.51625061035156
428,54.79816818237305
429,58.14017105102539
430,51.669124603271484
431,61.973175048828125
432,57.96931838989258
433,50.486351013183594
434,65.87943267822266
435,53.33125305175781
436,56.340919494628906
437,56.60258865356445
438,56.618690490722656
439,72.2602310180664
440,57.09276580810547
441,63.80940246582031
442,71.87405395507812
443,67.18502044677734
444,52.31889724731445
445,56.26701736450195
446,62.755035400390625
447,59.962894439697266
448,53.442405700683594
449,60.626976013183594
450,55.6171875
451,55.09600830078125
452,51.36439514160156
453,72.23126220703125
454,59.25412368774414
455,58.339908599853516
456,63.92190933227539
457,68.35017395019531
458,63.795040130615234
459,62.6630859375
460,57.96525955200195
461,58.72080993652344
462,64.87030029296875
463,54.44902420043945
464,56.25439453125
465,64.39608764648438
466,56.41815185546875
467,59.472225189208984
468,56.17848205566406
469,62.5991325378418
470,63.56239318847656
471,64.16706085205078
472,53.985198974609375
473,60.88563537597656
474,66.83045196533203
475,56.06582260131836
476,65.43024444580078
477,70.48688507080078
478,59.83396530151367
479,57.79893112182617
480,58.280704498291016
481,58.44696807861328
482,56.76545715332031
483,59.58091735839844
484,56.83611297607422
485,66.1980209350586
486,62.878562927246094
487,52.31153869628906
488,64.36109161376953
489,60.56550979614258
490,67.43144226074219
491,51.568199157714844
492,61.690185546875
493,67.70223236083984
494,53.240535736083984
495,64.98207092285156
496,59.47883605957031
497,60.814727783203125
498,66.13822937011719
499,65.69287872314453
500,57.44585037231445
501,51.9888801574707
502,62.736732482910156
503,53.09413146972656
504,66.19886016845703
505,71.53656005859375
506,58.00689697265625
507,75.39311218261719
508,61.339698791503906
509,51.85358428955078
510,59.35029602050781
511,64.67915344238281
512,62.596527099609375
513,56.08094787597656
514,65.98294830322266
515,59.41292953491211
516,66.79405212402344
517,57.294288635253906
518,55.50513458251953
519,60.7576904296875
520,54.915771484375
521,61.137115478515625
522,58.63322448730469
523,72.47637176513672
524,62.931819915771484
525,63.28497314453125
526,57.811954498291016
527,53.04750061035156
528,55.22901916503906
529,77.59427642822266
530,68.56257629394531
531,56.560829162597656
532,67.60550689697266
533,58.44142150878906
534,51.1689338684082
535,48.915184020996094
536,53.865108489990234
537,61.19095230102539
538,74.24592590332031
539,63.34587478637695
540,60.310203552246094
541,54.97993087768555
542,55.27658462524414
543,59.25973892211914
544,60.155120849609375
545,57.32987594604492
546,45.38302993774414
547,50.88018035888672
548,56.71426010131836
549,62.81987762451172
550,57.76836013793945
551,57.12997817993164
552,53.51005935668945
553,62.96891784667969
554,54.54414749145508
555,62.20709991455078
556,66.697265625
557,53.60847473144531
558,63.739280700683594
559,59.067012786865234
560,66.5498275756836
561,71.2209701538086
562,65.80221557617188
563,47.0120735168457
564,63.611236572265625
565,59.25586700439453
566,58.932559967041016
567,72.98381805419922
568,56.280799865722656
569,54.89815139770508
570,60.21448516845703
571,61.93016815185547
572,59.15696716308594
573,67.3196029663086
574,58.29043960571289
575,66.33477783203125
576,60.02267074584961
577,55.43793487548828
578,74.57902526855469
579,57.71983337402344
580,60.76374053955078
581,51.228790283203125
582,62.421661376953125
583,44.86659240722656
584,58.94991683959961
585,60.95662307739258
586,58.42734146118164
587,66.16034698486328
588,70.82711029052734
589,60.41674041748047
590,55.087371826171875
591,55.760772705078125
592,62.12531661987305
593,52.006656646728516
594,71.39857482910156
595,55.37118148803711
596,62.49103927612305
597,62.372886657714844
598,64.7090835571289
599,53.801761627197266
600,60.4591064453125
601,63.997406005859375
602,63.98140335083008
603,59.93577194213867
604,47.56586456298828
605,57.87611770629883
606,62.680084228515625
607,65.906005859375
608,48.971160888671875
609,64.6677017211914
610,62.58293914794922
611,51.68893051147461
612,63.0035514831543
613,59.942691802978516
614,55.89202880859375
615,51.97566223144531
616,52.50361251831055
617,45.98423385620117
618,61.273353576660156
619,48.89128112792969
620,53.397918701171875
621,61.38994216918945
622,60.24838638305664
623,62.39334487915039
624,53.15715789794922
625,68.73304748535156
626,56.85847091674805
627,59.12880325317383
628,52.63306427001953
629,66.0279312133789
630,58.265419006347656
631,56.023197174072266
632,61.97727966308594
633,55.98842239379883
634,51.356040954589844
635,59.60580825805664
636,54.07263946533203
637,55.44941329956055
638,42.67158508300781
639,58.49855041503906
640,52.05370330810547
641,59.316253662109375
642,61.79222869873047
643,45.028846740722656
644,57.982818603515625
645,58.040863037109375
646,56.82696533203125
647,55.11628723144531
648,65.9745101928711
649,51.46074295043945
650,55.26765441894531
651,46.855567932128906
652,63.74436569213867
653,65.12422943115234
654,67.65321350097656
655,55.46731948852539
656,59.04904556274414
657,56.44416046142578
658,62.81496810913086
659,55.91173553466797
660,50.72783660888672
661,53.215187072753906
662,56.67958450317383
663,63.06364059448242
664,54.81076431274414
665,55.334537506103516
666,56.35254669189453
667,58.75950241088867
668,60.43227767944336
669,56.353084564208984
670,51.00080490112305
671,59.750457763671875
672,52.13109588623047
673,63.646522521972656
674,0.0015679328935220838
675,3.9491477012634277
676,81.6081771850586
677,62.398651123046875
678,51.58921432495117
679,42.34415054321289
680,59.20781707763672
681,51.62204360961914
682,48.342201232910156
683,48.238685607910156
684,42.73473358154297
685,39.665924072265625
686,41.432804107666016
687,38.07603073120117
688,34.96841812133789
689,32.662261962890625
690,30.099266052246094
691,37.10026550292969
692,36.621551513671875
693,47.73209762573242
694,57.601627349853516
695,64.94648742675781
696,61.44029998779297
697,62.53140640258789
698,59.31114196777344
699,59.43417739868164
700,71.9319839477539
701,72.91544342041016
702,77.47195434570312
703,74.08454132080078
704,72.39331817626953
705,69.3660659790039
706,67.38565826416016
707,65.73652648925781
708,63.97623825073242
709,61.81303787231445
710,59.54686737060547
711,56.35430908203125
712,56.33035659790039
713,55.20878601074219
714,53.42713928222656
715,51.53621292114258
716,50.78564453125
717,49.093109130859375
718,47.263309478759766
719,46.854427337646484
720,45.53103256225586
721,43.770545959472656
722,43.17015075683594
723,45.18009948730469
724,46.462249755859375
725,45.46791076660156
726,44.77101135253906
727,48.45155715942383
728,47.198760986328125
729,50.14090347290039
730,52.142127990722656
731,50.9195442199707
732,50.1328125
733,53.009525299072266
734,52.50213623046875
735,52.39154052734375
736,55.43467330932617
737,58.4091796875
738,61.12283706665039
739,0.0010982975363731384
740,3.9313578605651855
741,7.569429397583008
742,66.75980377197266
743,54.89558029174805
744,47.5478515625
745,59.4703254699707
746,74.36402893066406
747,65.98860168457031
748,63.54426193237305
749,58.07615661621094
750,52.93669128417969
751,48.877559661865234
752,45.09255599975586
753,42.31233596801758
754,39.46063232421875
755,36.89887619018555
756,34.766292572021484
757,32.5344123840332
758,30.519027709960938
759,28.679832458496094
760,27.254161834716797
761,26.3638973236084
762,25.426836013793945
763,24.294960021972656
764,23.19968605041504
765,22.252485275268555
766,21.293758392333984
767,20.645109176635742
768,20.105337142944336
769,19.44447135925293
770,18.759431838989258
771,22.605152130126953
772,28.536258697509766
773,27.804283142089844
774,30.40079689025879
775,34.297611236572266
776,32.021793365478516
777,30.228452682495117
778,28.774810791015625
779,27.520959854125977
780,26.931344985961914
781,26.926925659179688
782,31.26289939880371
783,34.60125732421875
784,35.823429107666016
785,35.107330322265625
786,34.427894592285156
787,33.75334167480469
788,33.738521575927734
789,33.36509704589844
790,33.06345748901367
791,32.77045822143555
792,32.40644454956055
793,34.7442512512207
794,36.865970611572266
795,38.243186950683594
796,37.415470123291016
797,37.20814895629883
798,36.38916015625
799,36.076499938964844
800,35.11116027832031
801,36.48279571533203
802,39.657657623291016
803,39.6654052734375
804,39.302284240722656
805,39.133968353271484
806,39.2161865234375
807,38.7427978515625
808,39.02240753173828
809,41.6392822265625
810,41.01454544067383
811,40.360538482666016
812,42.318695068359375
813,41.62127685546875
814,41.095489501953125
815,40.613990783691406
816,40.12517166137695
817,39.62154006958008
818,39.163719177246094
819,39.16716766357422
820,38.65022277832031
821,0.0018139566527679563
822,38.11865997314453
823,104.61489868164062
824,77.37202453613281
825,63.1047477722168
826,52.948211669921875
827,76.05168914794922
828,82.01283264160156
829,72.65546417236328
830,72.28772735595703
831,65.20954895019531
832,63.628299713134766
833,77.93463897705078
834,76.18453979492188
835,70.9483642578125
836,79.7021255493164
837,73.46614074707031
838,92.06234741210938
839,72.84146118164062
840,71.02340698242188
841,69.63077545166016
842,69.87903594970703
843,73.61842346191406
844,70.18878936767578
845,66.68920135498047
846,64.57395935058594
847,61.649635314941406
848,67.22675323486328
849,67.69249725341797
850,67.87999725341797
851,65.41134643554688
852,63.16638946533203
853,65.96101379394531
854,70.74516296386719
855,72.31132507324219
856,70.44091796875
857,68.70038604736328
858,70.2977294921875
859,68.78693389892578
860,67.06062316894531
861,65.50338745117188
862,69.21926879882812
863,67.80009460449219
864,66.36642456054688
865,64.8263168334961
866,63.596561431884766
867,62.113834381103516
868,60.30783462524414
869,61.36112594604492
870,64.70924377441406
871,67.52584838867188
872,66.51397705078125
873,65.5661392211914
874,64.5315170288086
875,63.60902404785156
876,65.78585052490234
877,68.45455932617188
878,68.17024230957031
879,67.1396255493164
880,66.49701690673828
881,65.13465881347656
882,64.17813873291016
883,64.61399841308594
884,66.37834167480469
885,65.5309066772461
886,68.17924499511719
887,69.12970733642578
888,69.3876953125
889,68.47840881347656
890,69.07003784179688
891,71.7019271850586
892,70.65069580078125
893,69.48738861083984
894,71.40618133544922
895,71.49314880371094
896,70.61488342285156
897,72.36772918701172
898,71.39031219482422
899,72.11074829101562
900,72.54013061523438
901,71.44369506835938
902,73.1142578125
903,72.74496459960938
904,71.82890319824219
905,70.78168487548828
906,72.99420928955078
907,71.79651641845703
908,71.38617706298828
909,70.64502716064453
910,69.860595703125
911,71.22725677490234
912,75.27664184570312
913,71.91509246826172
914,72.4376449584961
915,0.0013920669443905354
916,2.610931634902954
917,0.008637894876301289
918,62.33921813964844
919,49.70102310180664
920,41.5041618347168
921,35.681068420410156
922,51.04645538330078
923,45.47727584838867
924,40.75148391723633
925,36.60982131958008
926,33.66586685180664
927,33.460628509521484
928,38.76655197143555
929,35.7478141784668
930,33.04867935180664
931,40.07996368408203
932,51.47428894042969
933,59.72795104980469
934,59.038002014160156
935,56.676292419433594
936,64.50611877441406
937,63.29418182373047
938,69.99567413330078
939,72.1823959350586
940,69.46834564208984
941,71.9870834350586
942,71.79924011230469
943,68.48551940917969
944,68.39582061767578
945,67.92073822021484
946,73.32120513916016
947,72.0709228515625
948,69.91577911376953
949,68.29927062988281
950,70.27061462402344
951,69.38312530517578
952,70.66963195800781
953,68.85403442382812
954,68.27806854248047
955,67.96956634521484
956,65.39550018310547
957,68.38957214355469
958,68.07829284667969
959,72.3256607055664
960,75.38450622558594
961,74.29413604736328
962,73.10324096679688
963,72.80648040771484
964,0.0013660730328410864
965,2.6467912197113037
966,0.10815128684043884
967,63.331172943115234
968,51.3678092956543
969,42.65348434448242
970,36.27000045776367
971,62.507450103759766
972,56.006526947021484
973,0.00187316641677171
974,35.11369323730469
975,100.51374053955078
976,0.003014618530869484
977,2.6238389015197754
978,23.31427574157715
979,24.482995986938477
